
   0.800712   0.729331   0.098345   0.701179
   0.913105   0.698751   0.045114   0.845422
   0.726837   0.879872   0.066863   0.550485
   0.874355   0.863108   0.030103   0.740554
   0.572533   0.329821   0.573929   0.613264
   0.338675   0.363752   0.756678   0.404881
   0.669143   0.153296   0.672181   0.752379
   0.436080   0.173775   0.825595   0.565895
   0.370040   0.784314   0.367621   0.301636
   0.183406   0.808589   0.573029   0.156337
   0.280060   0.908127   0.276357   0.183950
   0.129480   0.919890   0.468555   0.088183
   0.901587   0.267225   0.201747   0.895995
   0.959936   0.238917   0.098672   0.952561
   0.726837   0.879872   0.066863   0.550485
   0.874355   0.863108   0.030103   0.740554
   1.39075   0.99123  -2.21575   0.85292
   2.35215   0.84136  -3.05240   1.69914
   0.97863   1.99122  -2.63591   0.20263
   1.94003   1.84135  -3.47257   1.04885
   0.29219  -0.70899   0.29790   0.46105
  -0.66921  -0.55912   1.13455  -0.38517
   0.70431  -1.70898   0.71807   1.11134
  -0.25709  -1.55911   1.55472   0.26512
  -0.53204   1.29099  -0.54244  -0.83952
  -1.49344   1.44086   0.29422  -1.68574
  -0.94416   2.29098  -0.96260  -1.48981
  -1.90556   2.44085  -0.12595  -2.33603
   2.21499  -1.00875  -1.37541   2.15349
   3.17638  -1.15862  -2.21207   2.99972
   0.97863   1.99122  -2.63591   0.20263
   1.94003   1.84135  -3.47257   1.04885
== 
==                                   Part Name |     Score | Feedback
==                                   --------- |     ----- | --------
==             Regularized Logistic Regression |  30 /  30 | Nice work!
==              One-vs-All Classifier Training |  20 /  20 | Nice work!
==            One-vs-All Classifier Prediction |  20 /  20 | Nice work!
==          Neural Network Prediction Function |   0 /  30 | 
==                                   --------------------------------
==                                             |  70 / 100 | 
== 
